SampleNumber	Tile	NumberOfReadsRaw	NumberOfReadsPF
0	1101	89717	72220
1	1101	352622	343140
2	1101	218708	212815
3	1101	466034	452312
4	1101	327429	318534
5	1101	236856	230394
6	1101	294101	285365
7	1101	289551	280994
8	1101	148651	144572
0	1102	89392	71548
1	1102	355014	345129
2	1102	220256	214162
3	1102	466010	451920
4	1102	327046	318024
5	1102	236995	230403
6	1102	295252	286506
7	1102	290508	281833
8	1102	149445	145289
0	1103	87748	69479
1	1103	355331	345634
2	1103	221490	215298
3	1103	470336	456095
4	1103	328966	319803
5	1103	239498	232735
6	1103	296039	287041
7	1103	292009	283159
8	1103	149720	145527
0	1104	88162	69564
1	1104	359817	350144
2	1104	223135	217212
3	1104	474291	459925
4	1104	332147	322926
5	1104	241936	235218
6	1104	298660	289749
7	1104	295345	286578
8	1104	150632	146436
0	1105	87211	67978
1	1105	362806	352268
2	1105	224803	218288
3	1105	476715	461614
4	1105	334060	324351
5	1105	242505	235495
6	1105	299954	290621
7	1105	297295	287907
8	1105	152601	148005
0	1106	87540	68191
1	1106	366342	355989
2	1106	227433	220897
3	1106	481567	466480
4	1106	338215	328601
5	1106	245209	237993
6	1106	303909	294440
7	1106	300438	291120
8	1106	153914	149453
0	1107	87409	67462
1	1107	370196	359289
2	1107	229412	222772
3	1107	488291	472273
4	1107	340899	330896
5	1107	248296	240939
6	1107	306578	296710
7	1107	303680	293841
8	1107	155977	151366
0	1108	87488	67349
1	1108	373783	361905
2	1108	231517	224176
3	1108	492275	474862
4	1108	345989	335176
5	1108	250917	243023
6	1108	309754	299101
7	1108	308051	297375
8	1108	157602	152695
0	1109	89517	68084
1	1109	379905	367959
2	1109	235353	227944
3	1109	500310	482889
4	1109	350000	339127
5	1109	254585	246659
6	1109	313507	302590
7	1109	311993	301231
8	1109	159686	154699
0	1110	92305	69609
1	1110	385953	373718
2	1110	240435	232755
3	1110	506812	488902
4	1110	356842	345644
5	1110	258538	250267
6	1110	319642	308587
7	1110	317131	306047
8	1110	161804	156656
0	1111	92110	69358
1	1111	392406	379081
2	1111	243944	235700
3	1111	515777	496868
4	1111	362049	349982
5	1111	262797	254182
6	1111	322575	310869
7	1111	321612	309860
8	1111	164712	159258
0	1112	94311	70190
1	1112	400005	386222
2	1112	248562	239762
3	1112	524279	504297
4	1112	368215	355318
5	1112	268382	259055
6	1112	329451	317085
7	1112	327247	315007
8	1112	167497	161633
0	1113	95537	70689
1	1113	408819	393932
2	1113	253464	244266
3	1113	532988	511831
4	1113	374988	361436
5	1113	273001	263036
6	1113	335783	322618
7	1113	333526	320235
8	1113	171059	164786
0	1114	98402	72451
1	1114	417604	402165
2	1114	258751	248828
3	1114	547856	524953
4	1114	384109	369707
5	1114	279453	268841
6	1114	341618	327708
7	1114	341639	327646
8	1114	174642	167969
0	1115	100905	72267
1	1115	424248	407175
2	1115	262721	251955
3	1115	556591	531413
4	1115	389813	373897
5	1115	284025	272069
6	1115	346879	331554
7	1115	345244	330068
8	1115	177367	170133
0	1116	101774	72200
1	1116	435987	417364
2	1116	269264	257545
3	1116	571731	544704
4	1116	401819	384469
5	1116	290159	277545
6	1116	353491	337411
7	1116	353699	337177
8	1116	182335	174460
0	1201	85969	72116
1	1201	352481	342901
2	1201	219503	213654
3	1201	465370	451602
4	1201	325770	317329
5	1201	236196	229632
6	1201	293347	284868
7	1201	288630	280408
8	1201	148766	144788
0	1202	84683	70764
1	1202	352432	343048
2	1202	218206	212261
3	1202	464439	450900
4	1202	325288	316615
5	1202	235206	228934
6	1202	292873	284348
7	1202	289086	280667
8	1202	148412	144386
0	1203	83594	69182
1	1203	352451	342900
2	1203	219001	212822
3	1203	464700	450676
4	1203	325150	316161
5	1203	235921	229418
6	1203	292774	284031
7	1203	289141	280476
8	1203	148477	144398
0	1204	82947	68312
1	1204	355189	345573
2	1204	221083	214989
3	1204	467968	453958
4	1204	327782	318731
5	1204	237737	231111
6	1204	295188	286230
7	1204	290777	282108
8	1204	149132	144956
0	1205	82126	67596
1	1205	357305	347381
2	1205	221868	215679
3	1205	471278	456951
4	1205	330293	321065
5	1205	239096	232523
6	1205	295700	286751
7	1205	293421	284418
8	1205	149816	145645
0	1206	82132	67114
1	1206	360470	350245
2	1206	224680	218459
3	1206	474287	459566
4	1206	331512	322221
5	1206	241519	234609
6	1206	299386	290275
7	1206	295373	286283
8	1206	151142	146857
0	1207	81484	66661
1	1207	363581	353457
2	1207	226521	220097
3	1207	480252	465551
4	1207	335593	326120
5	1207	244123	237343
6	1207	301922	292629
7	1207	298056	289134
8	1207	152958	148685
0	1208	82085	66671
1	1208	366792	356166
2	1208	227222	220588
3	1208	482882	467460
4	1208	338988	329178
5	1208	245917	238779
6	1208	303902	294312
7	1208	299872	290466
8	1208	154742	150115
0	1209	83230	67168
1	1209	372329	361363
2	1209	231349	224330
3	1209	490383	474248
4	1209	343270	332882
5	1209	250069	242533
6	1209	308424	298389
7	1209	304954	295199
8	1209	156620	151822
0	1210	85656	68246
1	1210	379283	367758
2	1210	235394	228277
3	1210	498681	481538
4	1210	350185	339433
5	1210	254311	246520
6	1210	313388	302854
7	1210	311642	301063
8	1210	159826	154885
0	1211	86156	68577
1	1211	385326	373040
2	1211	238783	231138
3	1211	505559	487681
4	1211	354650	343413
5	1211	257525	249119
6	1211	318580	307538
7	1211	315794	304689
8	1211	161110	155874
0	1212	87708	69349
1	1212	393080	380195
2	1212	242905	234826
3	1212	516013	497396
4	1212	360433	348631
5	1212	262395	253757
6	1212	324572	312989
7	1212	321439	309863
8	1212	164091	158668
0	1213	89605	70218
1	1213	401926	387690
2	1213	249121	240327
3	1213	527040	506544
4	1213	369108	356033
5	1213	269049	259366
6	1213	329528	316884
7	1213	328691	316054
8	1213	168216	162147
0	1214	92185	71332
1	1214	408064	393209
2	1214	253185	243878
3	1214	537622	516162
4	1214	375181	361506
5	1214	273017	263074
6	1214	336111	323056
7	1214	336009	322542
8	1214	171097	164894
0	1215	93804	71078
1	1215	419376	402979
2	1215	258649	248571
3	1215	550107	526464
4	1215	385979	370744
5	1215	280175	268987
6	1215	342475	328091
7	1215	342206	327600
8	1215	175562	168539
0	1216	97421	72271
1	1216	433892	415687
2	1216	267761	256262
3	1216	568352	541634
4	1216	399017	382077
5	1216	290288	277849
6	1216	353575	337402
7	1216	352629	336317
8	1216	180934	173183
0	1301	85756	71504
1	1301	355588	345556
2	1301	221046	214997
3	1301	469266	454795
4	1301	329080	319749
5	1301	239271	232474
6	1301	295593	286565
7	1301	291412	282535
8	1301	149858	145543
0	1302	85446	71391
1	1302	355203	345448
2	1302	220921	214861
3	1302	468210	454061
4	1302	328527	319318
5	1302	237667	231053
6	1302	294774	285872
7	1302	291303	282477
8	1302	149394	145249
0	1303	84143	69620
1	1303	357756	347736
2	1303	222695	216415
3	1303	471739	457001
4	1303	330095	320629
5	1303	239432	232781
6	1303	296987	287887
7	1303	292849	284095
8	1303	150785	146501
0	1304	83511	68501
1	1304	360357	350149
2	1304	224530	218194
3	1304	474911	459983
4	1304	333604	324105
5	1304	241584	234640
6	1304	299341	290033
7	1304	295652	286275
8	1304	152102	147716
0	1305	83098	67206
1	1305	363401	353001
2	1305	226556	219953
3	1305	478795	463596
4	1305	334704	325159
5	1305	242559	235423
6	1305	301423	291797
7	1305	296750	287438
8	1305	151885	147544
0	1306	82686	67757
1	1306	366485	356084
2	1306	227579	221063
3	1306	481066	465969
4	1306	337763	328197
5	1306	244166	237250
6	1306	303368	293954
7	1306	299316	290084
8	1306	153643	149312
0	1307	82403	67248
1	1307	369821	359290
2	1307	229393	222838
3	1307	486562	471132
4	1307	341780	331992
5	1307	247625	240343
6	1307	306705	297255
7	1307	302820	293437
8	1307	154554	150127
0	1308	83526	67249
1	1308	374889	363084
2	1308	232336	224950
3	1308	492260	475469
4	1308	345845	335053
5	1308	250832	242646
6	1308	308555	297875
7	1308	305779	295292
8	1308	157297	152257
0	1309	84169	67823
1	1309	381309	369716
2	1309	235803	228573
3	1309	499777	482974
4	1309	350004	339397
5	1309	254241	246295
6	1309	313722	303376
7	1309	312067	301660
8	1309	159760	154841
0	1310	86496	68764
1	1310	386043	374197
2	1310	240231	232746
3	1310	508050	490574
4	1310	355328	344183
5	1310	258211	250284
6	1310	319156	308282
7	1310	317144	306323
8	1310	163122	157893
0	1311	87250	69387
1	1311	393012	379879
2	1311	243748	235714
3	1311	516708	497915
4	1311	362448	350729
5	1311	263568	254680
6	1311	324131	312389
7	1311	322363	310555
8	1311	165076	159565
0	1312	88975	69805
1	1312	400247	385825
2	1312	247809	238872
3	1312	524731	503851
4	1312	367061	354027
5	1312	268102	258280
6	1312	327310	314592
7	1312	327108	314292
8	1312	167434	161281
0	1313	90301	70206
1	1313	407558	392873
2	1313	254121	244916
3	1313	534796	513800
4	1313	376391	362835
5	1313	273005	263134
6	1313	336557	323409
7	1313	334993	321976
8	1313	171171	164977
0	1314	92745	71684
1	1314	416789	401172
2	1314	258832	248876
3	1314	547744	524917
4	1314	383537	369012
5	1314	277948	267363
6	1314	341635	327749
7	1314	341390	327351
8	1314	175013	168286
0	1315	93544	70997
1	1315	425461	408376
2	1315	262361	251616
3	1315	556921	532637
4	1315	390667	375303
5	1315	284564	273314
6	1315	346857	332126
7	1315	346113	331406
8	1315	178315	171195
0	1316	96309	72276
1	1316	436365	418433
2	1316	269697	258216
3	1316	571767	545653
4	1316	402840	386069
5	1316	291225	278958
6	1316	353280	337374
7	1316	353479	337445
8	1316	182537	174778
0	2101	89271	71827
1	2101	345312	336611
2	2101	214165	208748
3	2101	454802	442036
4	2101	317863	309712
5	2101	231386	225342
6	2101	287475	279501
7	2101	282759	275017
8	2101	145455	141692
0	2102	89478	72019
1	2102	346380	337761
2	2102	215037	209526
3	2102	455370	442841
4	2102	318540	310633
5	2102	231724	225747
6	2102	287020	279225
7	2102	283417	275738
8	2102	145339	141628
0	2103	88484	69960
1	2103	349479	340363
2	2103	215729	210207
3	2103	459829	446603
4	2103	321232	312794
5	2103	232620	226520
6	2103	289684	281474
7	2103	285054	276955
8	2103	146369	142380
0	2104	87537	68628
1	2104	350143	340920
2	2104	217921	211998
3	2104	461405	447936
4	2104	325378	316792
5	2104	234907	228483
6	2104	292024	283664
7	2104	287926	279654
8	2104	147876	143894
0	2105	86689	67867
1	2105	352733	343707
2	2105	219906	214248
3	2105	466882	453536
4	2105	326821	318215
5	2105	236174	229903
6	2105	293188	284868
7	2105	290265	282037
8	2105	148208	144258
0	2106	85342	66962
1	2106	356319	347200
2	2106	222077	216339
3	2106	469873	456499
4	2106	330354	321827
5	2106	238940	232625
6	2106	296126	287768
7	2106	291806	283766
8	2106	149810	145856
0	2107	86186	67021
1	2107	359875	350462
2	2107	225106	219289
3	2107	477062	463466
4	2107	334516	325651
5	2107	241155	234747
6	2107	299378	290720
7	2107	295540	286992
8	2107	151831	147768
0	2108	86876	67002
1	2108	365915	355925
2	2108	226968	220713
3	2108	480865	466156
4	2108	336713	327338
5	2108	244952	238046
6	2108	302965	293926
7	2108	299885	291003
8	2108	153766	149518
0	2109	87574	67383
1	2109	371698	361528
2	2109	230353	223920
3	2109	490027	475216
4	2109	343404	333664
5	2109	249182	242196
6	2109	306508	297446
7	2109	303698	294532
8	2109	156360	151931
0	2110	89909	68179
1	2110	376476	365963
2	2110	233754	227253
3	2110	496890	481546
4	2110	347586	337743
5	2110	252739	245520
6	2110	311442	302118
7	2110	309568	300110
8	2110	159238	154726
0	2111	89999	68440
1	2111	383626	372483
2	2111	239012	232107
3	2111	505607	489009
4	2111	354510	343867
5	2111	256126	248407
6	2111	316681	306649
7	2111	315307	305336
8	2111	161193	156307
0	2112	91277	68623
1	2112	391973	378977
2	2112	243287	234976
3	2112	515857	496781
4	2112	360755	348415
5	2112	262390	253495
6	2112	323416	311659
7	2112	320052	308211
8	2112	164822	159255
0	2113	93944	70019
1	2113	399181	386432
2	2113	246811	238834
3	2113	525808	506800
4	2113	368628	356486
5	2113	266582	257760
6	2113	328882	317319
7	2113	326297	314687
8	2113	167903	162286
0	2114	95161	70137
1	2114	408968	394562
2	2114	252976	243864
3	2114	536698	515784
4	2114	376151	362663
5	2114	271785	261930
6	2114	334200	321457
7	2114	334179	321234
8	2114	170805	164667
0	2115	97497	70644
1	2115	416324	400679
2	2115	256298	246602
3	2115	548130	524814
4	2115	384309	369423
5	2115	278334	267430
6	2115	339906	325920
7	2115	339750	325679
8	2115	173228	166518
0	2116	100506	70694
1	2116	426629	409148
2	2116	263168	252037
3	2116	559821	534104
4	2116	393402	376851
5	2116	286086	274235
6	2116	347467	332003
7	2116	345170	329804
8	2116	177378	170074
0	2201	85113	71582
1	2201	343832	335693
2	2201	213259	207993
3	2201	454249	441962
4	2201	317115	309476
5	2201	230680	224991
6	2201	287050	279493
7	2201	282754	275265
8	2201	144565	141031
0	2202	84976	71522
1	2202	341805	333656
2	2202	212648	207620
3	2202	452816	440928
4	2202	317799	310051
5	2202	230027	224349
6	2202	285740	278267
7	2202	280848	273470
8	2202	144916	141426
0	2203	84141	69457
1	2203	344541	336027
2	2203	213187	207817
3	2203	455803	443038
4	2203	317580	309394
5	2203	229710	223801
6	2203	286732	278769
7	2203	280850	273234
8	2203	144379	140635
0	2204	83071	68155
1	2204	346118	337311
2	2204	216057	210465
3	2204	458311	445403
4	2204	319834	311683
5	2204	231569	225752
6	2204	288887	280893
7	2204	283985	276128
8	2204	145631	141812
0	2205	81697	67468
1	2205	349282	340910
2	2205	216931	211555
3	2205	461210	448594
4	2205	321134	313027
5	2205	233899	228053
6	2205	290068	282205
7	2205	285167	277439
8	2205	146860	143231
0	2206	80632	66540
1	2206	351410	342763
2	2206	218803	213185
3	2206	464041	451060
4	2206	324378	315979
5	2206	236025	229938
6	2206	292418	284477
7	2206	288785	280901
8	2206	148632	144807
0	2207	81233	66300
1	2207	355382	346282
2	2207	220474	214786
3	2207	469487	456119
4	2207	327810	319205
5	2207	237772	231398
6	2207	294124	285784
7	2207	290846	282568
8	2207	148689	144768
0	2208	81016	65868
1	2208	357377	347942
2	2208	222540	216569
3	2208	473265	459090
4	2208	329831	320959
5	2208	239886	233502
6	2208	296238	287817
7	2208	293186	284697
8	2208	150573	146456
0	2209	81339	66020
1	2209	363808	354041
2	2209	226182	220136
3	2209	478645	464230
4	2209	335220	326146
5	2209	243765	237118
6	2209	301267	292380
7	2209	298459	289772
8	2209	152758	148558
0	2210	84246	67531
1	2210	370092	359916
2	2210	229385	223044
3	2210	487017	472127
4	2210	340723	331263
5	2210	246698	239812
6	2210	305265	295932
7	2210	302329	293195
8	2210	155497	151077
0	2211	83675	67272
1	2211	375871	365140
2	2211	234084	227480
3	2211	496425	480683
4	2211	346581	336707
5	2211	251567	244104
6	2211	310788	301164
7	2211	307592	298237
8	2211	157852	153307
0	2212	86575	68544
1	2212	383857	371839
2	2212	238133	230735
3	2212	504306	486920
4	2212	352806	341825
5	2212	255340	247348
6	2212	316279	305629
7	2212	313580	302788
8	2212	160945	155873
0	2213	88377	69050
1	2213	391475	378319
2	2213	243031	234795
3	2213	515123	496223
4	2213	359764	347649
5	2213	262037	253009
6	2213	323345	311476
7	2213	320725	308951
8	2213	163339	157742
0	2214	89305	69988
1	2214	398006	384845
2	2214	247278	239124
3	2214	525751	506305
4	2214	367139	354879
5	2214	266403	257366
6	2214	328356	316734
7	2214	325597	313916
8	2214	167243	161620
0	2215	91947	70909
1	2215	407606	393163
2	2215	252373	243159
3	2215	538013	516349
4	2215	376757	362738
5	2215	273560	263512
6	2215	334742	321677
7	2215	333367	320161
8	2215	170352	164080
0	2216	93218	69957
1	2216	424865	407514
2	2216	262621	252062
3	2216	557877	532914
4	2216	392539	376561
5	2216	283816	272030
6	2216	345304	330297
7	2216	344088	329108
8	2216	176927	169705
0	2301	84587	71240
1	2301	345605	336538
2	2301	215148	209744
3	2301	456345	443475
4	2301	319180	310678
5	2301	232706	226597
6	2301	288491	280353
7	2301	284465	276521
8	2301	146024	142142
0	2302	84868	71317
1	2302	345920	336393
2	2302	215123	209171
3	2302	457724	444043
4	2302	320233	311481
5	2302	232357	225927
6	2302	288487	279904
7	2302	283862	275423
8	2302	146100	142043
0	2303	84002	69670
1	2303	349321	339829
2	2303	216883	210908
3	2303	459251	445405
4	2303	322102	313144
5	2303	233297	226914
6	2303	289423	280867
7	2303	286646	278059
8	2303	147172	142880
0	2304	83291	68386
1	2304	350869	341281
2	2304	218157	212147
3	2304	464091	449811
4	2304	323666	314781
5	2304	234034	227596
6	2304	291515	282857
7	2304	288384	279732
8	2304	148194	144042
0	2305	81934	67465
1	2305	354093	344781
2	2305	219881	214133
3	2305	466941	453225
4	2305	325318	316694
5	2305	236487	230110
6	2305	292474	284140
7	2305	290348	282065
8	2305	148652	144680
0	2306	80539	66558
1	2306	356604	347341
2	2306	221804	215759
3	2306	471281	457319
4	2306	329357	320336
5	2306	237906	231322
6	2306	295294	286736
7	2306	292657	284178
8	2306	149799	145854
0	2307	80367	65417
1	2307	360830	350854
2	2307	223351	217196
3	2307	475540	460919
4	2307	332378	322978
5	2307	240637	233635
6	2307	298133	289086
7	2307	294924	285875
8	2307	151143	146772
0	2308	81472	66161
1	2308	363827	353549
2	2308	227048	220858
3	2308	479814	464774
4	2308	336556	326820
5	2308	243416	236325
6	2308	301938	292621
7	2308	298084	288886
8	2308	152698	148426
0	2309	81834	66126
1	2309	371080	360151
2	2309	229889	222999
3	2309	487953	471845
4	2309	342607	332422
5	2309	248485	240989
6	2309	305786	296027
7	2309	303716	294053
8	2309	156265	151627
0	2310	84366	67403
1	2310	376030	364733
2	2310	232803	225566
3	2310	494867	478068
4	2310	346285	335654
5	2310	251579	243708
6	2310	310750	300515
7	2310	307397	297082
8	2310	157708	152820
0	2311	84567	67619
1	2311	381809	369971
2	2311	236418	228976
3	2311	503182	485687
4	2311	352074	340984
5	2311	255999	247625
6	2311	315635	304796
7	2311	312840	302060
8	2311	159882	154836
0	2312	86073	68016
1	2312	388360	375756
2	2312	241381	233605
3	2312	511293	492742
4	2312	357581	345788
5	2312	260634	252223
6	2312	319278	307867
7	2312	318016	306737
8	2312	162557	157096
0	2313	87767	68656
1	2313	396922	383332
2	2313	245298	236788
3	2313	519786	500006
4	2313	365534	352635
5	2313	266280	256973
6	2313	325709	313548
7	2313	325277	312937
8	2313	166530	160502
0	2314	90243	69613
1	2314	403319	388864
2	2314	250487	241402
3	2314	530002	508911
4	2314	371220	357561
5	2314	270344	260511
6	2314	331111	318182
7	2314	330408	317274
8	2314	169746	163513
0	2315	91980	70180
1	2315	410980	395484
2	2315	255156	245208
3	2315	540654	517845
4	2315	378140	363725
5	2315	276493	265735
6	2315	336725	323103
7	2315	335444	321519
8	2315	172920	166146
0	2316	92944	69562
1	2316	422824	404708
2	2316	261463	250061
3	2316	553018	526658
4	2316	389040	371999
5	2316	283300	270993
6	2316	341855	326033
7	2316	342084	326041
8	2316	175998	168318
